107
56
91
84
101
128
112
119
100
59
117
51
127
144
58
128
121
117
84
106
139
138
145
120
109
120
108
74
96
152
130
107
104
143
119
106
102
103
104
133
127
112
80
100
100
147
119
112
125
117
101
103
116
116
148
85
117
120
80
79
113
122
146
128
116
52
125
70
93
113
130
156
107
126
58
108
103
136
142
132
117
105
104
112
83
116
97
103
133
119
127
117
103
105
123
118
111
130
120
119
118
117
129
135
128
87
109
114
115
136
123
111
110
84
119
51
105
99
132
134
96
112
118
139
73
116
136
100
104
94
106
114
126
117
78
122
151
130
137
110
122
142
120
107
89
105
123
135
111
116
101
82
105
77
122
116
126
109
70
79
157
145
94
120
72
156
119
114
133
131
125
128
73
109
75
118
105
111
80
129
101
97
114
120
124
148
131
108
95
111
68
112
105
131
74
77
158
120
143
80
98
102
116
127
136
109
124
67
77
113
131
125
71
151
117
105
122
116
134
94
109
101
71
108
139
74
61
105
86
64
106
134
150
137
133
138
110
108
120
108
71
129
124
104
122
135
144
134
82
152
121
112
105
113
131
104
125
110
161
110
81
142
67
150
130
130
132
115
102
69
123
131
122
139
70
48
175
71
114
127
114
99
114
107
74
102
150
132
133
110
165
155
76
130
150
71
153
94
66
123
98
142
132
129
110
134
115
90
130
122
120
133
128
71
83
115
82
147
126
125
114
75
131
81
130
108
129
110
144
115
53
120
129
80
74
147
125
112
115
68
140
109
138
109
53
104
152
169
148
152
115
162
62
111
135
112
117
133
112
113
114
108
144
81
121
99
83
127
82
83
104
106
119
113
151
106
52
78
137
111
116
68
76
107
145
97
116
166
107
112
129
72
112
135
108
163
152
69
144
130
70
132
140
102
142
69
157
146
73
64
105
92
130
129
68
129
128
108
105
132
117
115
134
130
134
124
116
123
108
138
69
99
145
72
71
125
93
122
127
118
103
118
89
115
120
113
120
123
70
101
106
95
74
76
133
124
122
89
114
109
94
133
137
79
126
109
102
73
130
128
141
137
69
77
173
107
105
82
139
141
120
74
136
118
130
124
133
71
85
136
96
69
113
109
115
120
73
114
109
135
128
87
117
144
107
105
140
121
96
124
70
141
171
116
151
118
141
121
117
113
119
128
89
120
112
122
167
121
120
185
72
78
113
117
127
128
146
141
117
101
100
134
121
75
96
103
72
142
90
123
126
137
135
109
156
87
155
115
91
107
74
115
149
115
113
72
106
120
89
110
111
125
86
130
122
111
115
145
78
93
72
114
141
105
127
147
119
141
126
132
110
144
134
112
70
76
161
142
132
124
133
110
118
160
104
153
148
110
143
127
70
126
161
117
139
74
130
122
115
115
162
125
132
77
158
145
192
135
112
128
103
133
56
108
73
91
144
109
162
127
116
103
130
151
96
144
131
123
86
121
120
105
131
180
145
174
133
117
134
114
127
122
123
148
73
122
101
121
136
55
71
137
127
133
119
98
145
132
97
123
143
155
109
115
120
107
122
74
76
103
193
114
117
140
157
100
118
156
114
105
123
152
112
122
134
161
131
154
113
162
131
131
133
108
172
120
129
74
137
133
129
109
116
171
130
51
164
122
151
132
143
156
144
114
162
124
117
121
150
142
128
98
143
144
145
134
150
176
115
142
141
120
146
162
134
139
90
144
172
111
148
150
141
135
173
126
88
141
121
113
119
155
53
134
70
47
137
155
173
111
151
69
70
173
109
132
163
122
118
69
120
119
109
90
139
138
184
126
125
137
142
50
126
124
148
165
143
138
109
107
70
126
117
69
142
91
137
136
116
122
125
116
148
120
72
94
164
111
124
115
110
129
99
157
107
130
112
146
129
83
139
148
136
126
116
127
142
127
141
141
136
102
118
140
125
116
109
162
129
117
117
119
112
176
129
114
107
116
114
138
71
161
107
126
112
83
149
86
52
126
121
112
121
144
119
181
135
142
73
138
107
127
143
137
131
123
178
122
144
149
115
125
84
69
71
141
158
133
132
162
130
168
146
128
134
116
127
76
73
171
120
117
135
125
166
166
133
132
142
122
117
135
152
57
152
132
112
72
116
135
119
138
130
141
130
104
59
120
128
162
141
167
121
137
120
130
70
122
121
76
125
106
75
51
68
148
120
140
128
121
152
113
72
114
125
131
145
110
72
110
105
104
132
141
126
135
124
118
163
117
124
130
118
133
88
132
110
128
135
140
128
128
128
128
128
128
128
128
128
128
